
250
500
5000
1000
200
100
500
600
200
600
650
2050
700
100
200
3000
400
1000
1000
249
100
150
150
210
1050
350
771
150
100
230
1500
6100
150
1800+800
90
100
150
450
30
400
900
560
850
200
1000
150
100
150
50
100
200
260
200
200
150
410
2767
100
50+130+120
500+200


20,000--amma husharilladdu
27,627--2021 phonepe
4400--course
16000-apponix
6000--vehicle service
10000--oot
10000--kanakumari
2500--dharmasala
7500--marriage dress
12500--oyo

